Architecture:
6 12 1 1
Normalization:
0.5 0.3
1e7 5e6
1e-6 5e-7
5.0 3.0
10.0 5.0
0.01 0.005
HiddenWeights:
0.1 0.2 0.3 0.4 0.5 0.6
0.2 0.3 0.4 0.5 0.6 0.7
0.3 0.4 0.5 0.6 0.7 0.8
0.4 0.5 0.6 0.7 0.8 0.9
0.5 0.6 0.7 0.8 0.9 1.0
0.6 0.7 0.8 0.9 1.0 1.1
0.7 0.8 0.9 1.0 1.1 1.2
0.8 0.9 1.0 1.1 1.2 1.3
0.9 1.0 1.1 1.2 1.3 1.4
1.0 1.1 1.2 1.3 1.4 1.5
1.1 1.2 1.3 1.4 1.5 1.6
1.2 1.3 1.4 1.5 1.6 1.7
HiddenBias:
0.0 0.0 0.0 0.0 0.0 0.0 0.0 0.0 0.0 0.0 0.0 0.0
OutputWeights:
0.1 0.2 0.3 0.4 0.5 0.6 0.7 0.8 0.9 1.0 1.1 1.2
OutputBias:
0.0 