Architecture:
5 12 6 1 1
Normalization:
0.5865665661178917 0.2262304973618448
34235630.732979886 18412035.444935504
4.9997843635025016e-11 3.357597714340337e-10
5.979592695447278 2.1230859620470963
18.419969704620044 33.79798089650749
Hidden1Weights:
-0.2000630497932434 1.1552157402038574 -1.0668015480041504 1.5464435815811157 0.2417636662721634 
-1.587507963180542 -1.9422531127929688 -1.0403634309768677 0.47474515438079834 -0.6653626561164856 
-0.11757813394069672 0.7970356941223145 -0.5749934315681458 2.318347930908203 0.0602804571390152 
-0.15638481080532074 1.3200879096984863 -0.23047752678394318 1.7711637020111084 -0.3579278886318207 
-0.05286433547735214 -0.31655794382095337 -0.3092568814754486 1.2330892086029053 -1.2070443630218506 
-0.9557873606681824 0.6842772960662842 -1.6378364562988281 1.4847391843795776 0.04955410584807396 
0.5770655274391174 0.6167387366294861 -0.04374855011701584 1.0354297161102295 -1.1317607164382935 
1.5110901594161987 0.33324724435806274 0.6244151592254639 0.372633159160614 -0.7159610390663147 
-0.1989603489637375 -0.27643120288848877 -1.5890129804611206 0.9054808020591736 0.02105846256017685 
0.49660560488700867 -1.2534427642822266 1.2450850009918213 -0.13803419470787048 -0.1080709770321846 
-0.265706866979599 0.7539051175117493 0.19282227754592896 0.8567575812339783 -0.8076562881469727 
0.597947359085083 -0.5665886402130127 -0.010790936648845673 0.3656589388847351 0.9985571503639221 
Hidden1Bias:
-0.18447577953338623 0.3134923577308655 0.8340667486190796 -0.22063864767551422 0.5835146903991699 0.7229296565055847 0.43424350023269653 0.09616698324680328 -0.2463853657245636 0.30071842670440674 -0.17852717638015747 0.1427765190601349 
Hidden2Weights:
-0.013939311727881432 -0.22140318155288696 -0.14867007732391357 -0.18195991218090057 0.12946993112564087 -1.0826466083526611 -0.03764926269650459 0.9323709011077881 -0.061896853148937225 -0.5655017495155334 0.577679455280304 0.46654126048088074 
1.6248325109481812 0.36285150051116943 -0.07361016422510147 -4.017930030822754 1.1960787773132324 0.0962839350104332 -2.1145777702331543 -1.3343634605407715 1.0641028881072998 -0.22437112033367157 1.2312809228897095 0.677008867263794 
-1.43175208568573 1.3778525590896606 0.7373555898666382 1.7433040142059326 -0.4448843002319336 -1.34421706199646 1.0181196928024292 -1.0717908143997192 -0.695892870426178 -1.1687794923782349 -0.7697697877883911 -0.016861019656062126 
0.9337945580482483 -0.7321724891662598 1.6246417760849 -0.48837101459503174 -0.2736187279224396 0.6957967877388 -0.29636257886886597 -1.9245946407318115 0.15487337112426758 -0.07987041771411896 -1.0522712469100952 -0.6741600036621094 
-0.003267468884587288 0.5348461866378784 -1.6023900508880615 -1.0445224046707153 0.6849657893180847 -0.5923951268196106 -0.685488224029541 -2.242692708969116 0.7032057642936707 0.19792915880680084 2.105942726135254 0.7293539047241211 
-0.8105898499488831 -0.9377252459526062 1.2166433334350586 0.2411629855632782 1.2687989473342896 0.5431603193283081 0.4606119990348816 -0.7009110450744629 0.33085107803344727 1.450226068496704 0.1476934552192688 0.43416884541511536 
Hidden2Bias:
-1.3803852796554565 -0.3537443280220032 0.0169545765966177 -0.8923754692077637 -0.15835772454738617 -0.10973750799894333 
OutputWeights:
9.575167655944824 -1.7027348279953003 2.980785846710205 -3.0701842308044434 -2.0149142742156982 1.8504228591918945 
OutputBias:
0.27029919624328613
