Architecture:
5 64 32 1 0
Normalization:
0.5622255522992614 0.21811915991491984
28333931.25040767 17249491.88393699
6.768250938947244e-12 3.2916916497583795e-12
5.394657882721284 2.0458450248100477
18.401898114930532 32.45991914411313
Hidden1Weights:
-0.4445745646953583 -1.1510964632034302 -0.5507948994636536 0.09252888709306717 -0.21605534851551056 
-0.27588948607444763 0.25045251846313477 0.2319951355457306 -1.8005114793777466 -0.5328690409660339 
0.4884606897830963 0.5329942107200623 -0.2382524162530899 -0.4734000563621521 -0.10358049720525742 
-0.46994268894195557 -0.7957331538200378 -0.19378648698329926 -0.33087098598480225 0.9518252611160278 
1.091698408126831 -0.5044295787811279 0.04092917963862419 0.6208177804946899 0.3891902565956116 
0.12212290614843369 0.5539819002151489 -0.3304542601108551 -0.12672406435012817 0.04439437761902809 
-0.23584024608135223 -0.6422673463821411 0.24601612985134125 -1.2578120231628418 -0.06524233520030975 
0.43004122376441956 -0.19675132632255554 -0.547297477722168 -0.3231547176837921 -0.629827618598938 
-0.5769168734550476 -0.7456347942352295 0.3916841149330139 -0.4021322429180145 0.20841704308986664 
0.6983380913734436 0.6089077591896057 0.23497730493545532 0.47924771904945374 0.22225376963615417 
1.0449748039245605 0.6715087294578552 0.734039843082428 0.4996095895767212 -0.06564343720674515 
-0.5675048232078552 -0.4948064982891083 1.1500022411346436 -1.1817076206207275 0.08202911913394928 
-0.19947388768196106 0.2605140805244446 -0.2532002627849579 -0.2042849063873291 0.604695200920105 
0.2271195501089096 -0.8829224705696106 0.7633475065231323 0.44537651538848877 -0.30384624004364014 
-0.13284021615982056 -0.5938688516616821 -0.1430705040693283 -1.1268742084503174 -0.7956697344779968 
-0.29442793130874634 0.10906654596328735 -0.8328579664230347 0.437864750623703 -0.6326794028282166 
-0.9612408876419067 0.07004433125257492 -0.9051123261451721 1.1443547010421753 0.32028722763061523 
0.33406609296798706 -1.4616330862045288 -0.5468207001686096 1.2521748542785645 1.2699851989746094 
0.5130961537361145 -0.3742292821407318 -0.9184263348579407 0.481950968503952 -0.5172686576843262 
-0.1512296497821808 0.7464308738708496 -0.729071855545044 -0.5889243483543396 -0.14517635107040405 
-1.0640623569488525 -0.9724493026733398 1.6313128471374512 -0.1850978136062622 -0.055214010179042816 
0.35179516673088074 -0.5063140988349915 -1.06867253780365 0.6108888387680054 0.3695264458656311 
-0.8855594396591187 -0.7351961731910706 -0.2807577848434448 0.34717652201652527 0.23549817502498627 
1.497275710105896 0.2596709132194519 -0.9474823474884033 -0.6343176364898682 -0.11515947431325912 
0.2380647510290146 0.5362857580184937 0.6743791103363037 -0.04902378097176552 -0.12062341719865799 
-1.1420952081680298 0.19770647585391998 -0.7902581691741943 -0.2433287650346756 -0.28181934356689453 
-0.014947948046028614 0.16169552505016327 -0.72530597448349 -0.5852866768836975 0.011988158337771893 
-1.2326873540878296 -0.12363297492265701 0.2793850004673004 -0.11670564860105515 -0.6077648997306824 
0.033027902245521545 -0.1276029348373413 1.070534586906433 -1.021014928817749 -1.247012734413147 
-0.2777184545993805 0.1441115289926529 -0.4717290699481964 1.248307704925537 -0.235833078622818 
-0.5215644240379333 0.9296665191650391 0.47347119450569153 -0.5867403745651245 -0.30319467186927795 
-1.0194464921951294 1.137183666229248 0.19562074542045593 1.8084548711776733 0.4553350806236267 
-0.022976933047175407 0.24770189821720123 1.9077787399291992 -0.03024120070040226 1.3365076780319214 
-0.7452126145362854 0.021354855969548225 0.7474406361579895 0.12963028252124786 -0.3336489498615265 
1.2207441329956055 -1.1783380508422852 -0.5864974856376648 0.24475979804992676 -1.222991704940796 
-0.12788039445877075 -0.7119814157485962 -1.4199862480163574 0.38157472014427185 -1.1133060455322266 
0.8920102715492249 0.18744657933712006 0.3062454164028168 0.5885944366455078 -0.6845908761024475 
-0.3931392729282379 0.1194324865937233 -0.8948301076889038 -0.07974492013454437 -0.07951004803180695 
-0.28658419847488403 0.22560423612594604 0.018884707242250443 0.6415164470672607 0.5979470610618591 
-0.2808137834072113 0.07799060642719269 0.8930436372756958 1.1399714946746826 -0.7703655958175659 
0.18456099927425385 -0.03883931040763855 -0.892612636089325 0.3136618435382843 -0.4755343198776245 
0.1334701031446457 -0.6648226976394653 0.644428014755249 -0.2417089343070984 -0.4915412664413452 
-0.27391672134399414 0.029198067262768745 0.48367685079574585 -0.35112231969833374 1.111161470413208 
-0.05876818671822548 -0.758727490901947 0.10708746314048767 -0.6804071664810181 0.0849626213312149 
-0.9790774583816528 -0.7758215069770813 0.5074967741966248 -1.1150717735290527 -1.2353644371032715 
0.028003698214888573 -0.5161659121513367 -0.47126317024230957 0.07251358032226562 0.42101573944091797 
-0.9820437431335449 0.25146856904029846 -0.05049744248390198 0.44186320900917053 1.0252386331558228 
-0.3682222366333008 -1.5889867544174194 0.09863010048866272 0.5048694610595703 0.1342010200023651 
0.37819337844848633 0.07880993187427521 -0.3546578586101532 -0.07693358510732651 -0.031435076147317886 
0.6504195332527161 0.966454803943634 -0.3940771520137787 -0.8145885467529297 1.5115944147109985 
0.3024246394634247 1.0634042024612427 -0.3974093496799469 -0.8355475068092346 0.15530885756015778 
-0.012273615226149559 -0.40589818358421326 -0.29589104652404785 -0.4840584397315979 0.19991523027420044 
0.4197048544883728 0.3244949281215668 0.319568395614624 0.535646378993988 0.12371338903903961 
0.7164061069488525 -0.722940981388092 0.3030942380428314 0.2709634602069855 0.183063805103302 
0.5914730429649353 0.20214727520942688 -0.14575545489788055 -0.865353524684906 0.139706552028656 
0.40347716212272644 1.2376121282577515 -0.09920976310968399 1.1680405139923096 -0.606469452381134 
-0.04857403784990311 0.22578860819339752 -0.3653610646724701 -0.25239378213882446 0.41710108518600464 
0.36249324679374695 0.13642065227031708 -0.1394701898097992 0.5687850117683411 -0.40261203050613403 
-0.3766898214817047 -0.3469400107860565 0.13592387735843658 -0.207663893699646 -1.2585058212280273 
-0.4011271595954895 -0.06439976394176483 -0.687099277973175 0.01917615719139576 -0.5652283430099487 
-0.5644093751907349 -0.40603816509246826 0.8331918716430664 0.2987620234489441 -0.07937296479940414 
0.619827926158905 -1.7896921634674072 -0.2266484647989273 0.2689942419528961 -0.17392350733280182 
-0.6691816449165344 0.1712154895067215 -1.1054929494857788 0.20205995440483093 -0.5210232734680176 
-0.6968339085578918 -0.2316717803478241 0.19619883596897125 0.8364750742912292 0.4761972427368164 
Hidden1Bias:
-0.08061046898365021 -0.05189784616231918 0.003728983923792839 -0.07336089015007019 -0.007788854651153088 -0.0054724677465856075 0.01242288202047348 0.11089380085468292 0.021026495844125748 -0.009197101928293705 -0.04067666456103325 0.009992428123950958 -0.07848207652568817 -0.03005285933613777 0.01818516105413437 0.10017959028482437 -0.0463503897190094 0.051403116434812546 0.05237041786313057 0.06693224608898163 0.07753191888332367 -0.0410403273999691 -0.029550280421972275 0.048941969871520996 0.06509195268154144 0.09980088472366333 0.00498494878411293 0.10812569409608841 -0.043881263583898544 0.014120342209935188 -0.019831832498311996 -0.04170747473835945 -0.008989360183477402 -0.015258917585015297 -0.006854183040559292 -0.024924060329794884 0.020128855481743813 -0.058994706720113754 -0.05630466714501381 -0.07902546226978302 0.0301949642598629 0.08117201924324036 0.00696741696447134 0.021715572103857994 -0.034119702875614166 -0.054647333920001984 0.05617427080869675 0.055852435529232025 0.1271100640296936 0.011069199070334435 -0.05014423280954361 -0.03354676440358162 0.022404208779335022 -0.014066649600863457 -0.08674584329128265 -0.008084656670689583 -0.008544393815100193 0.154929518699646 -0.009138917550444603 -0.013489807024598122 0.04747704416513443 0.012411448173224926 -0.061401329934597015 -0.029787680134177208 
Hidden2Weights:
-0.026068273931741714 -0.18490538001060486 -0.05474678426980972 0.011193014681339264 -0.05678165331482887 0.011570625007152557 0.11357349157333374 0.06561486423015594 0.03269650414586067 0.07994500547647476 -0.5706529021263123 0.032811179757118225 -0.03492867946624756 -0.10778381675481796 0.10833842307329178 -0.06976362317800522 0.08086938410997391 0.06770343333482742 0.15711629390716553 0.014948579482734203 -0.0017241847235709429 -0.11924416571855545 -0.229444682598114 -0.11277568340301514 -0.13326579332351685 0.45741039514541626 -0.05832533538341522 0.07868719100952148 0.13598820567131042 -0.3723158538341522 -0.01822707988321781 -0.08061236143112183 -0.13944855332374573 -0.03380588814616203 0.268755704164505 0.061334818601608276 -0.09104004502296448 0.002066773595288396 0.05656271427869797 -0.028508489951491356 -0.22969751060009003 0.13273142278194427 -0.1169513389468193 0.07438439130783081 0.07871347665786743 0.04934640973806381 -0.1909026801586151 0.021739330142736435 0.1655326932668686 -0.07532674819231033 0.06932555884122849 -0.13577446341514587 -0.2193976491689682 -0.06973647326231003 0.12677228450775146 -0.2723410725593567 -0.11320977658033371 -0.36860933899879456 0.025338726118206978 -0.013224123045802116 -0.4071168601512909 -0.08610522747039795 -0.12181120365858078 0.009005438536405563 
-0.3827737867832184 -0.18437080085277557 0.0982440710067749 -0.11516613513231277 -0.11212071776390076 -0.07456264644861221 -0.48166969418525696 0.03643961623311043 0.036091018468141556 0.2864131033420563 -0.380433589220047 -0.33374279737472534 0.1717708259820938 0.032523516565561295 0.16971436142921448 0.2011679708957672 -0.3608834743499756 0.10744587332010269 -0.04188099876046181 -0.13540293276309967 -0.22740218043327332 0.26507455110549927 -0.13652262091636658 -0.04162602126598358 0.10148222744464874 0.029114270582795143 0.17758123576641083 0.16981716454029083 0.06929821521043777 0.14164140820503235 -0.22169409692287445 0.1612289845943451 0.2252788096666336 -0.05191982164978981 -0.2405172735452652 -0.20582997798919678 0.18790468573570251 0.11873309314250946 -0.307033509016037 -0.03973890095949173 0.07711745798587799 -0.008509031496942043 0.04765813797712326 0.0037941166665405035 -0.1399875283241272 0.12871304154396057 0.10682670027017593 -0.1647024005651474 -0.06909221410751343 0.10710833966732025 0.025097038596868515 -0.03811153769493103 0.07401344180107117 -0.05066527798771858 0.2751372754573822 0.053008291870355606 0.1652330905199051 -0.02740265615284443 0.16112305223941803 -0.11395467817783356 0.06027679890394211 -0.37103569507598877 0.12675288319587708 -0.03781834989786148 
0.10738325119018555 -0.379686564207077 -0.09746042639017105 -0.22430405020713806 0.11727074533700943 0.10025236010551453 -0.1996385008096695 -0.08091260492801666 0.11286589503288269 0.1541522741317749 -0.1522512137889862 -0.10114532709121704 0.03380623087286949 0.11820387095212936 -0.21164833009243011 -0.07250130921602249 -0.12855805456638336 -0.005483286455273628 -0.0064409272745251656 -0.30656781792640686 0.06791272759437561 0.061358366161584854 -0.3173426389694214 0.13692393898963928 0.04040404036641121 -0.4769616723060608 -0.09524902701377869 0.12467577308416367 0.09823569655418396 -0.2834603488445282 -0.13009785115718842 0.15512914955615997 -0.050205908715724945 -0.2551332712173462 -0.08031916618347168 0.0028423843905329704 0.11941885948181152 -0.052879754453897476 -0.2829549014568329 0.42675793170928955 0.06005218252539635 -0.11019182205200195 0.001018025679513812 -0.015048440545797348 -0.3080136477947235 -0.23400446772575378 -0.3432311713695526 -0.23268555104732513 -0.050755150616168976 -0.06483325362205505 -0.06436306983232498 -0.04468436911702156 -0.0686093345284462 -0.1379813402891159 0.16946159303188324 0.30741965770721436 0.1490895301103592 0.022070445120334625 -0.12062224000692368 -0.14307630062103271 0.21575410664081573 -0.30597981810569763 0.006151143927127123 0.11807829141616821 
-0.2709331810474396 0.06320773810148239 -0.09402723610401154 -0.053034767508506775 -0.2309039980173111 -0.09563380479812622 0.2091478705406189 -0.16908523440361023 0.19496695697307587 -0.15854164958000183 0.12380502372980118 0.10474752634763718 -0.24125279486179352 0.2171180099248886 -0.04841097816824913 -0.04869972541928291 -0.37037670612335205 -0.08395946770906448 -0.12125969678163528 -0.0459577813744545 0.11140584945678711 0.30326253175735474 0.03379860892891884 -0.2151782065629959 0.15789084136486053 -0.09588099271059036 0.006024094298481941 0.2825893461704254 0.03254333510994911 0.3797837793827057 -0.019000930711627007 -0.06686016917228699 0.34526047110557556 -0.038630783557891846 -0.20831359922885895 -0.11148937046527863 0.03348492830991745 -0.2790943682193756 -0.02525230124592781 -0.07083181291818619 0.3154444098472595 0.24502873420715332 -0.3620600700378418 0.058366257697343826 0.26919737458229065 -0.10872635990381241 0.03303196281194687 0.270568311214447 -0.011484690010547638 0.2825383245944977 0.04352289065718651 -0.060928426682949066 -0.16396893560886383 -0.09133769571781158 0.29118236899375916 0.02489108219742775 0.09274468570947647 0.17280225455760956 0.061072032898664474 -0.15568867325782776 -0.07046815007925034 0.14302852749824524 0.09622273594141006 -0.053861185908317566 
-0.2823556959629059 -0.4006083905696869 -0.2431291937828064 0.4030474126338959 0.004336100071668625 0.04451233893632889 0.29017218947410583 -0.10593122988939285 -0.022034097462892532 -0.0792200043797493 -0.10542362928390503 0.05785922706127167 0.28742849826812744 0.10187699645757675 0.07514914125204086 -0.10108274966478348 -0.0897606685757637 0.4186159372329712 -0.16275975108146667 0.1650402545928955 -0.006148724351078272 -0.26268628239631653 0.20680361986160278 -0.026828303933143616 -0.13279742002487183 0.017838353291153908 0.23015263676643372 -0.035918474197387695 -0.26587915420532227 -0.21232566237449646 -0.0957508310675621 -0.2545066177845001 0.04646006226539612 -0.17113253474235535 -0.06491348147392273 0.046022821217775345 -0.2194310426712036 -0.2344484031200409 0.2871260344982147 -0.11566255986690521 0.022482875734567642 -0.13682261109352112 0.10356887429952621 0.23243626952171326 0.2285412698984146 -0.41461509466171265 -0.06217551976442337 0.07569752633571625 0.026872938498854637 0.22689108550548553 -0.10575741529464722 -0.4731425344944 -0.021961424499750137 0.08581758290529251 -0.019447537139058113 0.08865145593881607 0.3123321831226349 0.3008982241153717 -0.15885323286056519 0.05643114075064659 -0.11898807436227798 0.22031021118164062 0.2922068238258362 0.14942702651023865 
0.16061842441558838 0.2933899164199829 0.20911848545074463 0.09516439586877823 -0.1515112668275833 0.14965838193893433 0.15681912004947662 -0.294412761926651 0.2672845423221588 -0.0190658587962389 0.2153966724872589 -0.05086204782128334 0.1756296157836914 -0.16088972985744476 -0.17767328023910522 -0.03361886739730835 0.12070282548666 0.1470189243555069 0.128851056098938 0.15173102915287018 0.13524343073368073 0.15806519985198975 0.02175944112241268 -0.08595725893974304 0.08160417526960373 -0.15279735624790192 -0.09409262239933014 0.0710848718881607 -0.040918562561273575 0.004872220102697611 0.05109979212284088 0.29243069887161255 0.26286953687667847 0.14199720323085785 0.2049887478351593 -0.003936841618269682 -0.09157591313123703 0.06491947174072266 0.4223056733608246 0.2403763234615326 -0.156668558716774 -0.1788012534379959 -0.08245975524187088 0.0861361026763916 0.08381294459104538 0.04436446353793144 -0.10121636092662811 -0.12633679807186127 -0.2933390736579895 -0.1716594398021698 -0.008465957827866077 0.16440628468990326 -0.02228366583585739 0.2927168905735016 0.15247489511966705 -0.04581678286194801 0.3054249584674835 -0.06710080057382584 -0.061731960624456406 0.08343898504972458 0.12456942349672318 0.01396157592535019 -0.2313545197248459 0.09153438359498978 
0.24238283932209015 0.07727605104446411 -0.46816813945770264 0.3041355609893799 -0.1697416752576828 -0.03215266019105911 -0.13118800520896912 0.09770292043685913 0.21394002437591553 0.2004324495792389 -0.3836318552494049 0.2919405698776245 0.4271726608276367 -0.05625449866056442 -0.2112007886171341 -0.3217615783214569 0.08029249310493469 0.020879019051790237 -0.24353712797164917 -0.44405612349510193 0.009429995901882648 0.02232334017753601 -0.0864788368344307 0.04502542316913605 -0.002554787788540125 -0.33588701486587524 0.020534873008728027 0.13208842277526855 -0.12654754519462585 -0.07952732592821121 -0.11354479193687439 -0.020168926566839218 -0.16594654321670532 0.17816168069839478 -0.07037405669689178 0.12485885620117188 0.032396938651800156 -0.006610412150621414 -0.12572014331817627 -0.23407523334026337 0.16570819914340973 0.30105695128440857 -0.02097415365278721 0.07893220335245132 -0.1945512294769287 -0.026975274085998535 0.2136191576719284 0.10138623416423798 0.31575268507003784 -0.022359777241945267 -0.05979472026228905 0.19629882276058197 -0.24009403586387634 -0.1586717665195465 0.06988289207220078 0.029631929472088814 -0.049218326807022095 -0.00262041506357491 -0.0737292617559433 -0.04155237227678299 0.2261783629655838 -0.01900501362979412 -0.002300678053870797 0.023586856201291084 
0.0368100143969059 -0.03588658198714256 0.12145785987377167 -0.19616223871707916 0.25742241740226746 0.017891885712742805 0.059323541820049286 -0.0031135601457208395 0.12967105209827423 0.36682629585266113 -0.1265219748020172 0.2645168602466583 -0.060002345591783524 0.07384762167930603 -0.008476500399410725 -0.01793562062084675 -0.23332132399082184 0.20028749108314514 -0.13832935690879822 -0.20585212111473083 -0.09350883960723877 0.13644294440746307 0.023254893720149994 0.002924053929746151 0.08905413001775742 0.09436322748661041 -0.1140405610203743 0.1865013986825943 0.13670392334461212 0.10733896493911743 0.11052490025758743 0.15397240221500397 -0.19765843451023102 -0.027083655819296837 -0.12263717502355576 0.1843847632408142 0.3291475176811218 -0.07238759100437164 -0.028657257556915283 0.07717367261648178 -0.15561719238758087 0.17071965336799622 -0.15165401995182037 0.1668531894683838 -0.3205564022064209 -0.04026571661233902 -0.23083193600177765 -0.07139354944229126 -0.06442989408969879 0.04719124361872673 -0.12065495550632477 -0.2281663864850998 -0.2905151844024658 0.08644954860210419 -0.07305188477039337 -0.24721789360046387 -0.08260606229305267 0.057284172624349594 0.09574472904205322 0.1583697646856308 0.37988555431365967 0.1080237552523613 -0.05851566419005394 -0.2816541790962219 
-0.11495303362607956 -0.11663463711738586 0.144615039229393 -0.18518997728824615 -0.11983979493379593 0.4304080009460449 0.046788450330495834 0.1710718274116516 0.029078595340251923 -0.13672073185443878 0.11182953417301178 0.409161776304245 -0.014384189620614052 0.15512219071388245 -0.5194711089134216 0.06810662895441055 -0.10048886388540268 0.19329608976840973 0.24308179318904877 0.23793190717697144 -0.18078970909118652 -0.3116700351238251 0.3255540728569031 -0.25651776790618896 -0.07184116542339325 0.11790737509727478 0.2612024247646332 -0.1579420119524002 -0.244710773229599 -0.1288939118385315 0.1700606644153595 -0.12224943190813065 0.048216238617897034 -0.0043223462998867035 0.11104953289031982 0.13683131337165833 0.2133699208498001 0.09562160074710846 0.13123930990695953 0.08728554099798203 0.05139097943902016 -0.4594484269618988 -0.031217440962791443 0.0572531558573246 0.10994595289230347 0.012126663699746132 0.3393246829509735 -0.35741087794303894 -0.08857524394989014 0.2348465919494629 0.1524982452392578 0.06524345278739929 -0.06490666419267654 0.1558307260274887 -0.04883582517504692 0.20953981578350067 -0.03111919015645981 0.21498246490955353 0.0364227369427681 -0.04384486749768257 -0.08496830612421036 -0.12814457714557648 -0.024686386808753014 -0.37353265285491943 
-0.09206748008728027 0.05172818899154663 0.011950620450079441 0.09078933298587799 0.0776839330792427 -0.37684115767478943 -0.06600780040025711 0.12363526970148087 -0.2337852120399475 -0.10382252186536789 -0.2717893123626709 0.08388292044401169 -0.07066961377859116 0.018253199756145477 -0.047162242233753204 -0.11355685442686081 -0.13040433824062347 0.0021134139969944954 -0.3631857633590698 -0.10295196622610092 -0.37254875898361206 0.03984428942203522 0.003834799397736788 0.13706855475902557 0.1044028177857399 0.13443300127983093 0.23738785088062286 -0.1687110811471939 -0.3418605923652649 -0.06933031231164932 -0.4302937388420105 0.2662704288959503 -0.055631548166275024 0.11807435005903244 0.04813147708773613 -0.14783930778503418 -0.051581814885139465 -0.15911710262298584 0.06259191036224365 0.45764583349227905 0.03953665867447853 -0.1445736140012741 0.045126013457775116 -0.12666696310043335 -0.2600206732749939 -0.2430717647075653 -0.22396229207515717 -0.11316599696874619 0.019442148506641388 0.12448066473007202 0.34868863224983215 -0.25546738505363464 -0.06189116835594177 -0.04535142332315445 0.17074857652187347 0.019631212577223778 -0.09202317893505096 -0.16452181339263916 0.12508946657180786 -0.19727987051010132 -0.3439709544181824 -0.26523202657699585 0.2380932867527008 0.235304594039917 
0.04103501886129379 0.1644689440727234 0.06776627153158188 -0.140618234872818 0.15644748508930206 -0.11574876308441162 -0.14191880822181702 0.15987005829811096 0.2515871524810791 0.0956471860408783 -0.32736867666244507 0.0622958205640316 -0.0189544428139925 -0.05744069442152977 -0.17048192024230957 0.10773935168981552 -0.06926967203617096 0.24366532266139984 0.04435458406805992 0.5306054353713989 -0.06208081170916557 0.04260753095149994 -0.2989554703235626 -0.31496328115463257 0.1293288618326187 0.1504984050989151 -0.006969722919166088 0.24537207186222076 -0.2923796474933624 -0.07981584221124649 0.04629489779472351 -0.02300136722624302 -0.1580992192029953 0.16107922792434692 -0.2642940282821655 0.12675483524799347 -0.16494736075401306 -0.1525285840034485 0.19507285952568054 -0.017372488975524902 0.2608688771724701 0.18221430480480194 -0.13881680369377136 0.0638856291770935 0.12218191474676132 0.10252821445465088 0.13750027120113373 0.24098533391952515 0.1772570013999939 0.10903389006853104 0.07807450741529465 -0.3618209958076477 0.25418710708618164 0.13030219078063965 -0.13346761465072632 0.017831215634942055 -0.014615794643759727 0.1414608359336853 -0.25430068373680115 -0.1593123823404312 -0.048205260187387466 0.045474108308553696 -0.30026155710220337 0.023482391610741615 
-0.14772003889083862 -0.08646313101053238 -0.3079589903354645 -0.17850257456302643 0.06015226989984512 -0.308950811624527 -0.03314331918954849 0.08466073125600815 -0.21574877202510834 -0.12024101614952087 -0.02648109570145607 -0.06191614270210266 0.11058636009693146 -0.24532371759414673 0.21710102260112762 0.10293898731470108 -0.08528833091259003 0.21220766007900238 -0.05413473770022392 -0.17893388867378235 0.014434120617806911 -0.3032341003417969 -0.24469658732414246 -0.09679345786571503 0.007311915513128042 0.08241502195596695 0.1096659004688263 0.18109995126724243 -0.27676498889923096 -0.26899823546409607 -0.1202818751335144 0.07547307759523392 -0.4633959233760834 -0.0825621634721756 -0.3571943938732147 -0.060833223164081573 -0.2579666078090668 0.011128381825983524 0.3359372019767761 0.014021982438862324 -0.14471150934696198 -0.056351594626903534 -0.019771117717027664 0.3137771487236023 -0.386331170797348 -0.1305263191461563 -0.19533926248550415 0.1520107537508011 -0.17421863973140717 0.22604571282863617 0.2399102747440338 0.37340831756591797 -0.030969316139817238 0.004540093708783388 0.12713642418384552 0.21530888974666595 -0.021490437909960747 0.10333845764398575 -0.13451823592185974 0.00352237606421113 -0.18663056194782257 0.12471741437911987 -0.4460139274597168 0.0011005224660038948 
0.11392784118652344 -0.1471460908651352 0.10075949132442474 -0.15808932483196259 0.16901133954524994 -0.07242266088724136 0.020789047703146935 -0.004311480559408665 0.180709108710289 0.10537765920162201 0.19148901104927063 0.07975558191537857 0.3654462695121765 0.20251436531543732 -0.1666603833436966 -0.09056244790554047 -0.1596771776676178 0.07637503743171692 -0.019855579361319542 -0.11986241489648819 0.043190933763980865 0.03698614239692688 0.003344170516356826 0.1580212265253067 0.21314777433872223 0.13772441446781158 0.2880209684371948 -0.1759222149848938 0.22938668727874756 0.16985611617565155 -0.05093436688184738 0.14162284135818481 0.12151097506284714 -0.10673565417528152 0.07993707060813904 -0.2044367790222168 0.3945387601852417 -0.03527587279677391 -0.1870322823524475 -0.3434136211872101 0.13065585494041443 -0.14023922383785248 0.14890961349010468 -0.033033568412065506 0.022224022075533867 0.21796245872974396 -0.0618245005607605 -0.057010725140571594 -0.2780728340148926 -0.011072355322539806 0.1286863535642624 -0.11666616797447205 0.16764689981937408 0.37550362944602966 0.09541816264390945 -0.13303646445274353 -0.07667550444602966 0.21837466955184937 0.08791299164295197 -0.010564301162958145 -0.005247906781733036 0.23801030218601227 0.2885397672653198 0.08903519064188004 
-0.15290649235248566 -0.18290583789348602 0.1850764900445938 0.1892719268798828 0.05051938071846962 -0.2332916259765625 -0.36081135272979736 0.2371215671300888 0.09721942245960236 0.16559764742851257 -0.046914175152778625 -0.09164513647556305 -0.22181826829910278 0.018241005018353462 -0.0334271565079689 -0.1829407662153244 0.10872507095336914 -0.02481330744922161 0.14276760816574097 0.2662593424320221 0.06319447606801987 -0.10809400677680969 -0.20402877032756805 -0.11086639016866684 0.1443851739168167 0.22329585254192352 -0.24754948914051056 0.06982079893350601 0.026879476383328438 0.20982293784618378 0.1835966259241104 0.0017573903314769268 -0.14640139043331146 -0.022281460464000702 -0.08833540976047516 -0.17379286885261536 0.15512417256832123 0.06038835644721985 -0.0671534538269043 -0.1593623012304306 0.11215554177761078 -0.15033571422100067 0.09111089259386063 0.23988914489746094 -0.040085963904857635 -0.09021149575710297 -0.20660509169101715 0.1534126102924347 0.14833858609199524 -0.06755377352237701 -0.4403402805328369 0.10573406517505646 -0.16085082292556763 0.20152901113033295 0.33559420704841614 -0.047033097594976425 -0.12424726039171219 -0.19619081914424896 -0.18814711272716522 -0.2753049433231354 -0.2996808588504791 -0.31449174880981445 0.032675232738256454 -0.035494737327098846 
0.13247822225093842 0.03885193169116974 -0.34631335735321045 0.08296418190002441 -0.09433285146951675 -0.09644437581300735 0.15133564174175262 -0.09691853076219559 0.21231047809123993 0.08467748016119003 -0.161359965801239 0.024485472589731216 -0.054506875574588776 -0.002819300862029195 0.24434107542037964 0.38703715801239014 0.1187640056014061 -0.1805911511182785 0.4229868948459625 0.000648483750410378 0.13559289276599884 0.2361798733472824 -0.2160511314868927 0.08691675215959549 -0.11028566211462021 0.11708970367908478 -0.030707048252224922 0.15230344235897064 -0.10802287608385086 0.08502794802188873 -0.01228320226073265 0.10946839302778244 0.1531892865896225 -0.07620658725500107 -0.19712890684604645 -0.2454022318124771 0.302092581987381 -0.022428851574659348 -0.18765677511692047 -0.06015760079026222 -0.08729390799999237 0.13522078096866608 -0.1728450506925583 -0.14006735384464264 -0.33683153986930847 -0.04411950707435608 0.0051335827447474 -0.05571621656417847 0.24613246321678162 0.05240689963102341 -0.0276638213545084 -0.077436164021492 0.1259707510471344 0.17161695659160614 0.08584461361169815 -0.029690174385905266 0.005508281756192446 0.14068476855754852 0.03460611030459404 0.15380647778511047 0.2052808403968811 0.05031624436378479 0.02881346084177494 0.07535421848297119 
-0.06223592162132263 -0.08395031094551086 -0.3653508424758911 -0.1460675597190857 0.011071156710386276 0.16586843132972717 -0.0069966670125722885 0.1386989951133728 -0.09411358833312988 -0.15813866257667542 0.020382674410939217 -0.11164683103561401 0.25042805075645447 -0.11672034114599228 -0.1765935719013214 -0.21374161541461945 0.039633627980947495 0.04963083192706108 -0.2147875279188156 -0.08536949753761292 -0.0871691033244133 -0.3673265278339386 -0.40369024872779846 0.06532352417707443 -0.05820246785879135 0.1177186667919159 -0.04131651669740677 -0.039464011788368225 -0.07568047940731049 0.33845144510269165 0.33725807070732117 -0.23787356913089752 -0.35809674859046936 -0.08621266484260559 0.11655068397521973 -0.4123736023902893 0.13443981111049652 -0.0008016231004148722 -0.016545448452234268 0.024823833256959915 -0.3575158715248108 -0.15737850964069366 -0.010568326339125633 -0.09341327100992203 -0.11889486759901047 -0.017066877335309982 0.02878057025372982 0.21737967431545258 -0.2814841568470001 -0.0605059452354908 0.20195873081684113 -0.2763575613498688 0.002364593558013439 -0.315545916557312 0.09632958471775055 -0.30538439750671387 -0.2637188732624054 0.026408692821860313 -0.009035925380885601 0.4218105673789978 -0.02470283769071102 0.3005172908306122 -0.08648520708084106 -0.0014935483923181891 
-0.2268795669078827 -0.114873968064785 -0.07629093527793884 0.10171164572238922 -0.0688525140285492 0.06536871939897537 0.03880508989095688 0.0661231204867363 0.005416774190962315 -0.04846685752272606 -0.030984871089458466 0.048501644283533096 0.023109324276447296 0.07815804332494736 0.08036836981773376 0.18171590566635132 -0.08516532927751541 0.10379341244697571 0.00200103223323822 -0.3129711151123047 -0.2954908609390259 0.12253537774085999 -0.3263421058654785 0.17822140455245972 0.07398586720228195 0.1177632287144661 -0.11718760430812836 -0.02756122685968876 0.16889671981334686 0.3388412296772003 -0.28741538524627686 -0.23516948521137238 -0.03704112395644188 -0.1508646309375763 -0.11515510827302933 -0.3097647726535797 -0.04524257034063339 0.09324468672275543 0.22585129737854004 0.18628571927547455 -0.039819661527872086 0.15834423899650574 0.3001924753189087 0.004847006406635046 0.028745893388986588 0.19161303341388702 0.12248726189136505 0.04682941362261772 -0.011406835168600082 0.22850970923900604 0.0887712836265564 -0.027267249301075935 0.121949203312397 0.026862986385822296 -0.15899482369422913 0.08282285183668137 -0.010261356830596924 0.0054752761498093605 0.13039259612560272 -0.057670462876558304 0.20441976189613342 -0.09301798045635223 -0.03480967506766319 -0.1494021713733673 
-0.13281191885471344 0.4251823425292969 0.10187490284442902 0.15850704908370972 -0.038702595978975296 -0.060761958360672 0.3941138684749603 0.04540840536355972 -0.30765026807785034 -0.10662809014320374 -0.02634979784488678 0.1840980052947998 -0.0946805328130722 -0.0746646299958229 0.06186072155833244 -0.051496218889951706 0.009657256305217743 0.0799117237329483 -0.23960839211940765 -0.11151780933141708 -0.14014989137649536 -0.1977284550666809 0.004527802113443613 -0.08834175765514374 0.30651625990867615 -0.24714776873588562 -0.4129800796508789 0.0300576314330101 0.04730924218893051 0.22998970746994019 0.0368606373667717 0.07226322591304779 -0.22323036193847656 0.02553716115653515 0.06002461165189743 -0.017835911363363266 0.1568603366613388 -0.41305312514305115 0.06139064580202103 -0.2319992482662201 0.04905899241566658 -0.20818409323692322 0.030500786378979683 -0.19724181294441223 -0.09078598767518997 -0.18271276354789734 0.0475132092833519 0.21898335218429565 0.08291499316692352 0.002008838579058647 0.16077835857868195 -0.41161566972732544 -0.08585800230503082 0.16231384873390198 -0.024501478299498558 -0.06440623104572296 -0.31254100799560547 -0.3592677414417267 -0.10992509126663208 -0.07945742458105087 0.03383759409189224 0.24718047678470612 0.18729138374328613 -0.24350868165493011 
0.05329844355583191 0.18460676074028015 -0.10914947837591171 0.13133184611797333 -0.051560211926698685 0.0004312102682888508 0.03401210531592369 0.3366357088088989 0.10776805132627487 0.2364886999130249 0.1865808069705963 0.1418491005897522 0.03209410980343819 -0.1884850263595581 0.040004912763834 0.18596407771110535 0.004385409876704216 0.13242043554782867 0.049672748893499374 0.16204850375652313 -0.25541916489601135 0.07594811171293259 0.4103676974773407 0.08456320315599442 0.47983866930007935 -0.21312974393367767 0.006331018637865782 -0.10322163254022598 -0.13630372285842896 0.1834183782339096 -0.06075220927596092 -0.17144767940044403 0.26994165778160095 0.2067483365535736 -0.24250933527946472 -0.43893465399742126 -0.3129439055919647 0.11691217124462128 -0.0005694931605830789 -0.03920750319957733 0.08730380982160568 -0.009750163182616234 0.20577752590179443 -0.13854831457138062 -0.2655216157436371 0.19070956110954285 0.015535968355834484 -0.2657378017902374 0.1919390857219696 0.23678097128868103 0.13759881258010864 0.12554828822612762 -0.06877700239419937 -0.18010710179805756 -0.31833210587501526 0.3982304632663727 -0.008431709371507168 -0.11473768949508667 0.18518222868442535 -0.09618090093135834 0.2642155885696411 0.2983190417289734 -0.2621355950832367 -0.18923768401145935 
-0.09400838613510132 -0.12478034943342209 0.05854169651865959 -0.18649384379386902 -0.05053064972162247 -0.08678562939167023 0.21186931431293488 0.15188610553741455 0.028685523197054863 -0.13685885071754456 0.1812591254711151 0.34895336627960205 -0.23379604518413544 -0.28840741515159607 -0.35776522755622864 0.08433575928211212 -0.03648017346858978 -0.1275012195110321 -0.08624840527772903 -0.22856907546520233 -0.01541187521070242 0.002698349766433239 0.013709114864468575 -0.01023916620761156 0.4440479576587677 0.02869660034775734 -0.19625990092754364 -0.14437440037727356 0.038876328617334366 0.21147571504116058 -0.2756815552711487 0.16654996573925018 0.1222136914730072 0.020351868122816086 0.24679583311080933 0.13103409111499786 0.06857004016637802 -0.06117812544107437 0.12254162132740021 0.12263938039541245 -0.04428543522953987 -0.23472391068935394 0.11019178479909897 0.2564777731895447 0.28742915391921997 -0.006240093149244785 -0.008380274288356304 0.2127748429775238 -0.11518033593893051 -0.08753003925085068 0.1265312284231186 -0.2616966664791107 -0.07617095857858658 0.010822873562574387 -0.014538454823195934 0.03383883833885193 -0.09334620833396912 0.0211822260171175 0.045370012521743774 0.039642516523599625 -0.14182831346988678 0.2945771813392639 -0.09415415674448013 -0.031188756227493286 
0.2463470846414566 0.2266327291727066 -0.2827686071395874 0.05822691321372986 -0.33839184045791626 0.4078226387500763 -0.006308248266577721 -0.17214016616344452 0.046908412128686905 0.08428142219781876 -0.10890038311481476 -0.026649964973330498 0.06314687430858612 -0.03750884532928467 0.15741585195064545 0.022118693217635155 -0.09517576545476913 -0.21736639738082886 0.27684661746025085 -0.140655055642128 -0.07516897469758987 0.17664633691310883 0.03421933576464653 -0.09597735852003098 -0.14621348679065704 -0.09450069069862366 -0.2776626646518707 -0.07406488806009293 0.07346124947071075 0.24621780216693878 -0.07329339534044266 -0.26990148425102234 0.049961429089307785 -0.05344925820827484 -0.17803548276424408 0.22406242787837982 -0.14683134853839874 -0.18897198140621185 0.14164698123931885 0.25448182225227356 -0.5199384093284607 0.02590011991560459 0.22524486482143402 0.23965176939964294 0.13112826645374298 0.00039581695455126464 0.10799358040094376 -0.08257117122411728 0.04814325273036957 -0.10386501997709274 0.059862639755010605 -0.003067048266530037 -0.23141923546791077 -0.09898433834314346 -0.11041051149368286 -0.14444826543331146 0.3015739619731903 -0.1566706895828247 0.05783426761627197 -0.02626275084912777 0.2806975245475769 -0.020511575043201447 0.1115853488445282 -0.11670683324337006 
0.0581170916557312 0.15773026645183563 0.09303855895996094 -0.0015600542537868023 -0.1975124031305313 0.23490092158317566 -0.12431203573942184 -0.04855642840266228 -0.020025206729769707 -0.037091802805662155 0.16140522062778473 0.043101899325847626 -0.09319838881492615 -0.1019374281167984 -0.0030119717121124268 -0.006289148237556219 -0.1952090859413147 -0.04444505646824837 -0.08895328640937805 -0.12946760654449463 0.22067232429981232 -0.061359111219644547 0.020108144730329514 0.29814451932907104 -0.0838363990187645 0.08145186305046082 0.0873369574546814 -0.01649838127195835 0.27030861377716064 -0.0019113665912300348 -0.1796814501285553 -0.2795877158641815 -0.08159904927015305 -0.1924489140510559 0.042488835752010345 0.34970951080322266 -0.06364189088344574 -0.15271303057670593 -0.13180401921272278 -0.06120150163769722 -0.11009896546602249 -0.04328613728284836 -0.1494704782962799 0.0035841630306094885 -0.12115855515003204 0.05782613158226013 0.28825560212135315 -0.08094960451126099 0.010994833894073963 0.16883258521556854 0.10896776616573334 0.3245447874069214 -0.14503027498722076 -0.4939149022102356 -0.39391160011291504 0.1678011566400528 -0.04884142056107521 0.014210803434252739 0.0267061535269022 -0.014571390114724636 0.06893248856067657 0.2379063218832016 -0.0799659788608551 -0.023353969678282738 
-0.10395761579275131 0.009952567517757416 -0.14864903688430786 -0.002107765059918165 -0.12521442770957947 0.05493813008069992 0.17118749022483826 -0.07769834995269775 -0.2562927007675171 -0.01857088878750801 0.14106521010398865 -0.09426320344209671 0.1771608144044876 -0.14305253326892853 0.2366315722465515 0.011178362183272839 -0.10484728962182999 0.14526230096817017 0.07257621735334396 -0.1799262911081314 0.375185489654541 0.08669402450323105 0.028537044301629066 -0.05716269090771675 -0.1445019245147705 0.18153193593025208 -0.2035309374332428 -0.04073769599199295 0.014350207522511482 0.21595269441604614 0.13048851490020752 0.2784003019332886 0.33660030364990234 -0.12325000762939453 0.10466805845499039 0.11426511406898499 -0.129811093211174 0.05761327967047691 0.1333065927028656 -0.09884095937013626 -0.3321917653083801 0.16049262881278992 0.16264916956424713 0.169720858335495 -0.3049503266811371 0.2342929244041443 -0.03026062436401844 0.22665368020534515 -0.2341328114271164 0.05721240118145943 0.10536008328199387 -0.03199348598718643 0.09592200070619583 0.06520141661167145 -0.31596627831459045 -0.15735246241092682 0.38330385088920593 -0.13308876752853394 -0.11990262567996979 -0.017197201028466225 0.25526970624923706 -0.017728887498378754 0.2134944200515747 0.12192864716053009 
-0.13068704307079315 -0.006397746969014406 -0.1016007587313652 0.004030583892017603 -0.04025230556726456 -0.13092483580112457 0.191006138920784 0.34566935896873474 0.5822819471359253 -0.1378115862607956 0.13549475371837616 0.0007687597535550594 0.024720368906855583 0.01853710599243641 0.05198704078793526 -0.2703811228275299 -0.055234719067811966 0.152516171336174 0.19883622229099274 0.12437441945075989 0.08735574036836624 -0.0023816959001123905 -0.2332959920167923 -0.22277909517288208 0.10500622540712357 0.0173861775547266 -0.14457900822162628 0.09775863587856293 -0.2002829611301422 -0.07010311633348465 0.16063599288463593 0.11213411390781403 -0.2504769563674927 0.07202553749084473 -0.1682429015636444 0.09290707856416702 -0.029401879757642746 0.10682349652051926 -0.2538051903247833 -0.15821607410907745 0.11972701549530029 0.02506258897483349 0.2103349268436432 0.24393540620803833 -0.0029971080366522074 -0.23028399050235748 0.14380301535129547 -0.13189564645290375 0.399332195520401 -0.3639135956764221 -0.13047537207603455 -0.05972140282392502 -0.2405628114938736 0.12824203073978424 -0.18915370106697083 0.11425822973251343 0.05416638404130936 -0.047010745853185654 0.17966307699680328 -0.05150751769542694 0.15767796337604523 -0.2923649549484253 -0.11527540534734726 0.057564858347177505 
-0.14382706582546234 -0.04117976129055023 -0.14811180531978607 0.24543671309947968 0.2765693962574005 0.2507276237010956 0.17954033613204956 0.07699458301067352 -0.15776419639587402 0.22731348872184753 0.08391155302524567 0.07738782465457916 -0.2610362470149994 0.1720857173204422 0.10312805324792862 -0.12775850296020508 0.1964481920003891 -0.03862752765417099 -0.03498188406229019 -0.11862283200025558 0.0789492204785347 -0.18387413024902344 0.0445430688560009 -0.028614778071641922 -0.07600744068622589 -0.05653545260429382 0.08654867112636566 0.2675830125808716 -0.04862275719642639 -0.17657268047332764 -0.30779895186424255 -0.16022177040576935 0.12806454300880432 -0.08321687579154968 0.07149281352758408 0.017112117260694504 0.1330307275056839 -0.12358657270669937 -0.0207598265260458 -0.07068174332380295 -0.13471120595932007 0.3509407639503479 0.2641637623310089 0.0160781592130661 -0.33279451727867126 0.049705687910318375 0.19766397774219513 -0.0017276405123993754 0.00846569798886776 0.18169984221458435 -0.1903713345527649 0.09233300387859344 0.08400406688451767 -0.0032915319316089153 -0.1710042953491211 0.13065940141677856 0.07334380596876144 0.09410656988620758 0.14320029318332672 0.21357233822345734 -9.4821305538062e-05 -0.4923810362815857 -0.5283931493759155 0.32030194997787476 
-0.06174634397029877 -0.10796735435724258 -0.07354290038347244 -0.08605543524026871 -0.30478614568710327 0.4334785044193268 0.06847494095563889 0.060686953365802765 -0.23355641961097717 0.0024727999698370695 -0.12030305713415146 -0.0212466511875391 0.08609295636415482 0.09126308560371399 -0.1352844536304474 0.06885914504528046 0.2383221685886383 -0.49476930499076843 0.2301628738641739 0.31935805082321167 0.12004012614488602 -0.06046264246106148 -0.14480291306972504 0.05402294173836708 0.01667645387351513 0.42087653279304504 0.02443390153348446 -0.07853234559297562 0.052033040672540665 -0.03765362128615379 -0.055920228362083435 0.09907826781272888 -0.14217334985733032 -0.008946795016527176 0.039159901440143585 0.3303111493587494 0.09080495685338974 0.35119155049324036 0.0806974470615387 0.01458424050360918 0.023656625300645828 0.1259322166442871 -0.1773187816143036 0.025496942922472954 0.03380466625094414 -0.026282289996743202 0.21534621715545654 -0.2517055571079254 0.4604390263557434 -0.14464163780212402 0.08688806742429733 -0.28760433197021484 -0.03230168670415878 -0.29354530572891235 -0.036281295120716095 -0.3309173285961151 -0.21755552291870117 0.16163188219070435 -0.16904059052467346 -0.2956603765487671 0.1925230175256729 -0.11759532988071442 -0.10485633462667465 0.02840641513466835 
-0.061772678047418594 0.059126779437065125 -0.04244732856750488 -0.08758906275033951 0.09934182465076447 -0.03406486660242081 -0.07121872156858444 0.04662102833390236 -0.008074120618402958 -0.1859307587146759 -0.03666998818516731 -0.10248516499996185 -0.3753531277179718 0.12387843430042267 -0.13084809482097626 0.08818572014570236 0.360995888710022 0.414762407541275 0.14182646572589874 -0.058036744594573975 -0.29559439420700073 -0.02862628921866417 0.2639206647872925 -0.04225130379199982 -0.12710511684417725 0.3005753457546234 0.13694433867931366 -0.14052751660346985 -0.24506574869155884 -0.15515576303005219 -0.1433349847793579 -0.05317750945687294 -0.018805107101798058 -0.20397210121154785 0.0789623111486435 -0.11903458833694458 0.006628348957747221 -0.27626967430114746 -0.13569357991218567 -0.07480788230895996 -0.18369272351264954 -0.27163997292518616 0.038486529141664505 0.29298850893974304 -0.08865714073181152 -0.14876654744148254 0.08901769667863846 -0.13737452030181885 -0.17508812248706818 0.21534329652786255 -0.2728765904903412 -0.04407085105776787 -0.17991332709789276 0.001337835332378745 0.058875180780887604 -0.11711335927248001 -0.24796201288700104 0.10727372020483017 -0.11397146433591843 0.2215455025434494 -0.22600477933883667 -0.18424056470394135 -0.04950316995382309 0.13669916987419128 
0.15068086981773376 -0.04377914220094681 -0.1982816606760025 0.15717673301696777 0.09627874940633774 0.18642710149288177 -0.14852625131607056 0.07153169065713882 -0.18537986278533936 -0.0852159932255745 0.2845589816570282 0.06549634784460068 0.2625845968723297 0.2527913749217987 -0.05340460687875748 0.0018122266046702862 0.13410818576812744 -0.2597734332084656 0.0025574814062565565 -0.07370515912771225 -0.19753551483154297 -0.020184265449643135 -0.029684247449040413 -0.18988871574401855 -0.23993656039237976 -0.017586231231689453 0.26131752133369446 -0.24354729056358337 -0.18359939754009247 0.1289447695016861 0.0596267431974411 0.37504953145980835 0.12687844038009644 0.1968633532524109 -0.28423333168029785 0.2779676616191864 -0.04955654963850975 0.12289988994598389 -0.06414634734392166 -0.17345403134822845 0.21009774506092072 -0.409621924161911 0.031541720032691956 -0.1635219007730484 0.1169513687491417 -0.06797286868095398 -0.2652759552001953 -0.19187262654304504 0.05761608108878136 0.015077425166964531 0.3120229244232178 0.12962493300437927 0.14486749470233917 -0.0048345173709094524 -0.002264193957671523 -0.19969487190246582 0.011698084883391857 0.028747165575623512 -0.35535094141960144 -0.13124747574329376 -0.25110092759132385 0.2545830309391022 0.09557969868183136 0.11869030445814133 
-0.08303166180849075 0.2339460700750351 -0.3714368939399719 -0.2701169550418854 -0.3707631230354309 -0.1790442019701004 -0.28669556975364685 0.030199093744158745 -0.18720242381095886 -0.08155523240566254 -0.02280896157026291 -0.31034162640571594 -0.0005945598823018372 -0.2249581515789032 0.109962597489357 0.15089581906795502 -0.04495210200548172 0.2775684595108032 -0.2249058485031128 -0.2451549470424652 0.06786999851465225 -0.1890186220407486 0.21386879682540894 0.20616279542446136 -0.09688200056552887 -0.06046904996037483 -0.11912105977535248 -0.06184006854891777 -0.31357845664024353 -0.10931438207626343 -0.0701812207698822 0.0755247250199318 -0.11272083222866058 -0.1772993803024292 -0.29412129521369934 0.0002636585559230298 0.10919228196144104 0.3209444582462311 -0.010090995579957962 0.2866096496582031 0.00192995963152498 -0.32914358377456665 0.08419675379991531 -0.06220114603638649 -0.25293928384780884 -0.07175441086292267 0.06026260182261467 -0.22917070984840393 0.06986847519874573 0.08656246960163116 0.025028808042407036 0.002994100097566843 -0.23686252534389496 -0.04316002130508423 -0.11777363717556 0.11807289719581604 -0.2369598001241684 0.01582500711083412 0.025925427675247192 -0.3651118278503418 -0.2225455641746521 -0.07218752801418304 -0.09646277874708176 -0.08061692118644714 
-0.12397871911525726 0.12492886185646057 -0.06855995953083038 0.14824728667736053 0.016866061836481094 -0.07196614146232605 0.11165253818035126 -0.20097434520721436 0.15280784666538239 0.07850798964500427 -0.20617811381816864 -0.040698058903217316 0.21639198064804077 0.15251991152763367 -0.21731513738632202 -0.12094160914421082 -0.049340009689331055 0.2495904117822647 0.2111806571483612 0.3872864842414856 -0.27497732639312744 -0.22936730086803436 -0.03891633450984955 -0.20985494554042816 0.05926983803510666 -0.04770088195800781 0.008788769133388996 -0.14300480484962463 -0.01598554477095604 0.18653248250484467 0.14859645068645477 -0.28238919377326965 0.2666842043399811 0.001542778336443007 -0.08445005118846893 -0.02464829571545124 -0.10427886992692947 0.1417696326971054 -0.005058355629444122 -0.31053850054740906 -0.23074322938919067 0.23945201933383942 0.014176282100379467 0.21648752689361572 -0.0008448112057521939 0.08903428912162781 0.258181631565094 -0.2662881314754486 -0.17354527115821838 0.17867331206798553 0.1833006888628006 -0.07830988615751266 -0.006140364333987236 0.4350581169128418 -0.04892810806632042 0.06893064826726913 0.11723951995372772 0.008019845001399517 -0.09671664237976074 0.14719337224960327 -0.043001193553209305 -0.2656051814556122 -0.19318681955337524 -0.0857299268245697 
0.038299810141325 -0.10517643392086029 -0.3129653036594391 -0.20885685086250305 0.1043526753783226 0.16195112466812134 0.06056571751832962 0.22720493376255035 -0.05390973016619682 0.2717796564102173 -0.141789048910141 0.005185851827263832 -0.015545141883194447 0.18607470393180847 -0.23043526709079742 0.05652732402086258 -0.05958857759833336 -0.39029785990715027 -0.22338959574699402 0.3201824426651001 -0.05860654637217522 -0.0017269771778956056 0.4189566373825073 -0.09226477891206741 0.36543965339660645 -0.3624576926231384 0.10926864296197891 0.12962713837623596 -0.023676712065935135 0.08186772465705872 0.12108518928289413 -0.16577748954296112 0.09150554239749908 0.029578616842627525 -0.033141929656267166 0.42484232783317566 0.16444994509220123 0.2016579806804657 -0.172834575176239 -0.329393208026886 0.2688867449760437 -0.005063066259026527 0.05183780938386917 0.16870737075805664 -0.20315483212471008 -0.32313674688339233 0.3219306468963623 -0.002772250212728977 -0.1308789700269699 0.07144785672426224 0.1360786408185959 0.2286299616098404 0.024632126092910767 0.11418882757425308 0.27571818232536316 0.12866629660129547 -0.09584831446409225 -0.053446635603904724 -0.09162624180316925 -0.0250835083425045 -0.22461171448230743 -0.5484474301338196 -0.45338910818099976 0.10507708787918091 
0.10017421841621399 -0.1102604791522026 -0.2335449904203415 -0.036249708384275436 -0.019485490396618843 0.18583224713802338 -0.09885837137699127 0.3766346275806427 -0.2676842212677002 -0.24005524814128876 -0.11458641290664673 -0.20440451800823212 -0.12931060791015625 -0.09644713997840881 0.003212707582861185 -0.09249898791313171 0.07337656617164612 0.015108839608728886 0.06135012209415436 0.08998918533325195 0.11913719028234482 -0.135536789894104 0.19386431574821472 -0.24088475108146667 0.04952588304877281 0.04389587417244911 -0.10093503445386887 0.050325073301792145 -0.3122739791870117 0.1696109175682068 0.218491792678833 0.14320993423461914 0.25778505206108093 0.1301080733537674 0.028386088088154793 -0.12248700112104416 -0.07990244776010513 -0.41005653142929077 -0.039224784821271896 0.1618744283914566 0.056045014411211014 -0.08504293859004974 -0.23366600275039673 0.2380521297454834 0.23275060951709747 0.014547010883688927 -0.08472218364477158 -0.15707218647003174 0.15131980180740356 0.23194630444049835 0.03686271235346794 -0.03205359727144241 0.10399607568979263 0.013765164650976658 -0.4075606167316437 0.05372919142246246 0.07022634893655777 0.10213396698236465 -0.14036892354488373 0.24476675689220428 0.1585046947002411 0.030791422352194786 -0.06047787889838219 0.0831170380115509 
Hidden2Bias:
0.050621069967746735 0.007033883593976498 -0.06280378997325897 0.056675706058740616 0.045160431414842606 -0.08022230118513107 -0.05173257738351822 0.059978239238262177 -0.04783868417143822 -0.00878322683274746 0.10536563396453857 -0.02117670141160488 -0.08633099496364594 -0.032687894999980927 0.08894533663988113 -0.040340229868888855 -0.0460800938308239 -0.03318580612540245 0.08009585738182068 0.06613662838935852 -0.08041442185640335 0.05487262085080147 0.08481025695800781 0.0739515870809555 -0.03844190761446953 0.10132479667663574 0.03820453956723213 -0.060805544257164 -0.02085479162633419 -0.007864360697567463 0.009749322198331356 0.09497293829917908 
OutputWeights:
0.33604371547698975 0.43883392214775085 -0.05385521426796913 0.2583441734313965 0.36331138014793396 -0.3527940809726715 -0.24215395748615265 0.22025246918201447 -0.04152114316821098 0.12344370782375336 0.23962008953094482 0.04974285513162613 -0.17216214537620544 -0.2801584303379059 0.2419365793466568 0.5000872015953064 -0.0941333994269371 -0.24996550381183624 0.24009999632835388 0.0720888301730156 -0.3651980459690094 0.19153952598571777 0.1818881779909134 0.20668424665927887 -0.18409597873687744 0.26038768887519836 0.3336644470691681 -0.39417412877082825 0.09867863357067108 -0.19372956454753876 0.27473434805870056 0.13168834149837494 
OutputBias:
0.08732187002897263
