Architecture:
5 12 6 1 1
Normalization:
0.5865665661178917 0.2262304973618448
34235630.732979886 18412035.444935504
4.9997843635025016e-11 3.357597714340337e-10
5.979592695447278 2.1230859620470963
18.419969704620044 33.79798089650749
Hidden1Weights:
-0.3851819634437561 -1.2638821601867676 -1.261012077331543 -0.6905493140220642 -1.1869264841079712 
0.67802894115448 0.42382141947746277 -0.28159260749816895 1.718331217765808 -0.3657343089580536 
1.5596858263015747 1.125852346420288 1.030025601387024 0.8399850726127625 0.3043854236602783 
0.42840734124183655 -0.5330985188484192 0.35940617322921753 -1.9175342321395874 0.46141955256462097 
1.020146369934082 -0.32818982005119324 0.2789452373981476 -0.6128125190734863 -0.41886311769485474 
1.0815258026123047 1.0482962131500244 0.9435176253318787 -0.8594755530357361 -1.0868515968322754 
-1.140599012374878 0.10869184881448746 -1.5775983333587646 -0.052581705152988434 0.600542426109314 
0.809856653213501 0.4970746338367462 -0.3124018609523773 1.2123503684997559 -0.8377458453178406 
1.7558729648590088 -0.5554773211479187 0.4385759234428406 -0.382426381111145 0.6832878589630127 
-1.116452693939209 -0.6751552820205688 0.5993923544883728 0.537949800491333 -0.43750444054603577 
0.41478678584098816 -0.9442154169082642 -1.0096609592437744 0.10181541740894318 -0.3900221288204193 
0.8912797570228577 0.1579340249300003 -2.8621864318847656 0.7015110850334167 -0.4905890226364136 
Hidden1Bias:
0.1374283879995346 0.3085397183895111 -1.0994757413864136 -0.23089268803596497 -0.31244876980781555 -0.40382909774780273 -0.983445942401886 0.6499338150024414 -0.0842839851975441 -0.007584384176880121 -0.11867167800664902 0.7023164629936218 
Hidden2Weights:
0.7874476313591003 -0.786346971988678 -6.261062145233154 0.3326849639415741 -0.4673256278038025 1.4323102235794067 -0.18067128956317902 0.982560932636261 -0.4534228444099426 0.13047198951244354 0.9308195114135742 -1.9449628591537476 
0.7829517126083374 1.3898053169250488 -0.46351879835128784 -2.4383702278137207 -7.635663986206055 1.7674822807312012 1.356086254119873 -2.514125108718872 -1.9091894626617432 0.03534206002950668 0.08743052929639816 1.1590989828109741 
0.7441754937171936 0.7703244090080261 1.8507275581359863 -0.43990251421928406 -1.187187671661377 -5.835594654083252 0.5210616588592529 -1.7744545936584473 0.7524922490119934 -0.4500834345817566 0.2681674361228943 -0.5991079807281494 
0.5148999691009521 1.6303327083587646 -0.31416821479797363 -0.8444366455078125 0.37232401967048645 -3.7239997386932373 0.6987800598144531 -2.6387157440185547 -0.896144449710846 -0.7442806959152222 0.4312056601047516 1.3427226543426514 
0.8158549070358276 -0.4944969415664673 2.4650702476501465 0.2723815143108368 -0.2716809809207916 0.3732348382472992 0.3018670678138733 -0.35572579503059387 -0.8799914121627808 1.415909767150879 -0.14923404157161713 0.15150445699691772 
1.1266264915466309 0.14967121183872223 1.4161771535873413 0.41528749465942383 0.48759695887565613 0.13775336742401123 -1.5678819417953491 -0.5067811012268066 0.21690112352371216 1.598557710647583 -0.40154799818992615 -0.30738943815231323 
Hidden2Bias:
-0.048215851187705994 -0.6497653722763062 0.1272624284029007 0.3890722393989563 0.5199882984161377 -0.11767183244228363 
OutputWeights:
-2.288745164871216 -4.130502223968506 -2.386969804763794 -2.943190574645996 2.078981399536133 0.9531297087669373 
OutputBias:
0.04542483389377594
